1761826101625 1.83833 0
1761826180199 1.59349 1
1761826269743 1.6244 2
1761826351838 1.61772 3
1761826459487 1.39484 4
1761826555743 1.32443 5
1761826654789 1.27858 6
1761826753776 1.24677 7
1761826850853 1.22357 8
1761826942157 1.20399 9
1761827033937 1.18735 10
1761827126396 1.17828 11
1761827225157 1.16249 12
1761827315230 1.15369 13
1761827404764 1.1465 14
1761827492527 1.13695 15
1761827588747 1.12972 16
1761827686182 1.1237 17
1761827782127 1.10831 18
1761827872130 1.11007 19
1761827961433 1.10321 20
1761828046184 1.09406 21
1761828137845 1.08967 22
1761828222492 1.08051 23
1761828307368 1.06714 24
1761828391670 1.06463 25
1761828488215 1.06059 26
1761828575315 1.05727 27
1761828670606 1.04429 28
1761828760005 1.04109 29
1761828851266 1.04087 30
1761828942380 1.02451 31
1761829032399 1.01817 32
1761829122445 1.0153 33
1761829212294 1.00945 34
1761829302230 0.99616 35
1761829393175 0.99011 36
1761829483566 0.98519 37
1761829603319 0.97602 38
1761829717034 0.96992 39
1761829844232 0.95584 40
1761829961904 0.95155 41
1761830084907 0.94229 42
1761830201285 0.93016 43
1761830316554 0.916 44
1761830432303 0.91328 45
1761830549624 0.90314 46
1761830673120 0.89474 47
1761830780022 0.87923 48
1761830892117 0.87512 49
