1761826107424 0.37155 0
1761826185721 0.44929 1
1761826276057 0.43243 2
1761826357814 0.43731 3
1761826466510 0.52173 4
1761826562752 0.53859 5
1761826661290 0.55141 6
1761826760049 0.55308 7
1761826857071 0.54542 8
1761826948340 0.57802 9
1761827039988 0.57913 10
1761827132948 0.5861 11
1761827232349 0.57286 12
1761827321445 0.5815 13
1761827410962 0.59613 14
1761827498487 0.60156 15
1761827595805 0.61173 16
1761827692803 0.59668 17
1761827788157 0.61089 18
1761827878537 0.60518 19
1761827967758 0.61744 20
1761828052395 0.618 21
1761828144165 0.62817 22
1761828228207 0.618 23
1761828313703 0.62218 24
1761828398107 0.62998 25
1761828494229 0.63054 26
1761828581689 0.63722 27
1761828676963 0.63625 28
1761828766198 0.63514 29
1761828857469 0.63346 30
1761828948641 0.63722 31
1761829039031 0.64935 32
1761829128547 0.64294 33
1761829218464 0.64656 34
1761829308383 0.64656 35
1761829399263 0.64753 36
1761829490484 0.65269 37
1761829610307 0.6538 38
1761829724965 0.646 39
1761829852565 0.65241 40
1761829970897 0.65743 41
1761830091736 0.65687 42
1761830208096 0.65729 43
1761830322809 0.65617 44
1761830441710 0.65478 45
1761830556785 0.65673 46
1761830679539 0.65812 47
1761830786262 0.66188 48
1761830898577 0.66049 49
1761830906400 0.661465585231781 49
