1761826107424 0.91655 0
1761826185721 0.95166 1
1761826276057 0.95472 2
1761826357814 0.9504 3
1761826466510 0.9713 4
1761826562752 0.97785 5
1761826661290 0.97813 6
1761826760049 0.98022 7
1761826857071 0.97855 8
1761826948340 0.98495 9
1761827039988 0.98231 10
1761827132948 0.98398 11
1761827232349 0.98537 12
1761827321445 0.98342 13
1761827410962 0.98523 14
1761827498487 0.98579 15
1761827595805 0.98579 16
1761827692803 0.98342 17
1761827788157 0.98677 18
1761827878537 0.98481 19
1761827967758 0.98746 20
1761828052395 0.98704 21
1761828144165 0.98913 22
1761828228207 0.98704 23
1761828313703 0.98481 24
1761828398107 0.98774 25
1761828494229 0.98816 26
1761828581689 0.9883 27
1761828676963 0.98746 28
1761828766198 0.98816 29
1761828857469 0.99011 30
1761828948641 0.98844 31
1761829039031 0.98955 32
1761829128547 0.98844 33
1761829218464 0.98983 34
1761829308383 0.99039 35
1761829399263 0.98872 36
1761829490484 0.98927 37
1761829610307 0.98885 38
1761829724965 0.98913 39
1761829852565 0.98858 40
1761829970897 0.98913 41
1761830091736 0.98941 42
1761830208096 0.98969 43
1761830322809 0.98844 44
1761830441710 0.98941 45
1761830556785 0.98941 46
1761830679539 0.98858 47
1761830786262 0.98969 48
1761830898577 0.98913 49
1761830906400 0.9896907210350037 49
