1761826101625 0.0033185185185185184 0
1761826180199 0.0065201451851851855 1
1761826269743 0.009589771851851852 2
1761826351838 0.009406 3
1761826459487 0.009208000000000001 4
1761826555743 0.00901 5
1761826654789 0.008812 6
1761826753776 0.008614 7
1761826850853 0.008416 8
1761826942157 0.008218000000000001 9
1761827033937 0.008020000000000001 10
1761827126396 0.007822 11
1761827225157 0.007624 12
1761827315230 0.007426 13
1761827404764 0.007228 14
1761827492527 0.00703 15
1761827588747 0.0068319999999999995 16
1761827686182 0.006633999999999999 17
1761827782127 0.006436000000000001 18
1761827872130 0.0062380000000000005 19
1761827961433 0.00604 20
1761828046184 0.005842000000000001 21
1761828137845 0.005644000000000001 22
1761828222492 0.005446000000000001 23
1761828307368 0.005248000000000001 24
1761828391670 0.00505 25
1761828488215 0.0048519999999999995 26
1761828575315 0.004654 27
1761828670606 0.004456 28
1761828760005 0.0042580000000000005 29
1761828851266 0.00406 30
1761828942380 0.003862 31
1761829032399 0.003664 32
1761829122445 0.003466 33
1761829212294 0.003268 34
1761829302230 0.0030700000000000007 35
1761829393175 0.002872 36
1761829483566 0.002674 37
1761829603319 0.002476 38
1761829717034 0.0022779999999999996 39
1761829844232 0.00208 40
1761829961904 0.0018820000000000006 41
1761830084907 0.0016840000000000006 42
1761830201285 0.0014860000000000001 43
1761830316554 0.001288 44
1761830432303 0.0010899999999999998 45
1761830549624 0.0008919999999999996 46
1761830673120 0.0006940000000000005 47
1761830780022 0.0004960000000000005 48
1761830892117 0.0002980000000000002 49
